111111111111111111111111111111111111111111111111111111111111111111000000000000000000111111111111111111111111111111111111111111111111111111111111111111
111111111111111111111111111111111111111111111111111111111110000000000000000000000000000000111111111111111111111111111111111111111111111111111111111111
111111111111111111111111111111111111111111111111111111100000000000000000000000000000000000000011111111111111111111111111111111111111111111111111111111
111111111111111111111111111111111111111111111111111000000000000000000000000000000000000000000000001111111111111111111111111111111111111111111111111111
111111111111111111111111111111111111111111111111000000000000000000000000000000000000000000000000000001111111111111111111111111111111111111111111111111
111111111111111111111111111111111111111111111000000000000000000000000000011111100000000000000000000000001111111111111111111111111111111111111111111111
111111111111111111111111111111111111111111100000000000000000000011111111111111111111111100000000000000000011111111111111111111111111111111111111111111
111111111111111111111111111111111111111110000000000000000000111111111111111111111111111111110000000000000000111111111111111111111111111111111111111111
111111111111111111111111111111111111111000000000000000001111111111111111111111111111111111111111000000000000001111111111111111111111111111111111111111
111111111111111111111111111111111111100000000000000001111111111111111111111011111111111111111111111000000000000011111111111111111111111111111111111111
111111111111111111111111111111111111000000000000000111111111111111111111111011111111111111111111111110000000000000111111111111111111111111111111111111
111111111111111111111111111111111100000000000000111111111111111111111111111011111111111111111111111111100000000000011111111111111111111111111111111111
111111111111111111111111111111111000000000000011111111111111111111111111111011111111111111111111111111111100000000000111111111111111111111111111111111
111111111111111111111111111111100000000000001111111111111111111111111111111011111111111111111111111111111111000000000001111111111111111111111111111111
111111111111111111111111111111000000000000111111111111111111111111111111111011111111111111111111111111111111110000000000111111111111111111111111111111
111111111111111111111111111110000000000011111111111111111111111111111111111011111111111111111111111111111111111000000000001111111111111111111111111111
111111111111111111111111111100000000000111111111111111111111111111111111111011111111111111111111111111111111111110000000000111111111111111111111111111
111111111111111111111111111000000000011111111111111111111111111111111111111011111111111111111111111111111111111111000000000011111111111111111111111111
111111111111111111111111110000000000111111111111111111111111111111111111111011111111111111111111111111111111111111110000000001111111111111111111111111
111111111111111111111111100000000001111111111111111111111111111111111111111011111111111111111111111111111111111111111000000000111111111111111111111111
111111111111111111111111000000000111111111111111111111111111111111111111111011111111111111111111111111111111111111111100000000011111111111111111111111
111111111111111111111110000000001111111111111111111111111111111111111111111011111111111111111111111111111111111111111111000000000111111111111111111111
111111111111111111111100000000011111111111111111111111111111111111111111111011111111111111111111111111111111111111111111100000000011111111111111111111
111111111111111111111000000000111111111111111111111111111111111111111111111011111111111111111111111111111111111111111111110000000001111111111111111111
111111111111111111110000000001111111111111111111111111111111111111111111111111111111111111111111111111111111111111111111111000000001111111111111111111
111111111111111111100000000011111111111111111111111111111111111111111111111111111111111111111111111111111111111111111111111100000000111111111111111111
111111111111111111000000000111111111111111111111111111111111111111111111111111111111111111111111111111111111111111111111111110000000011111111111111111
111111111111111110000000001111111111111111111111111111111111111111111111111111111111111111111111111111111111111111111100111111000000001111111111111111
111111111111111100000000011111001111111111111111111111111111111111111111111111111111111111111111111111111111111111111000111111100000000111111111111111
111111111111111100000000111111000111111111111111111111111111111111111111111111111111111111111111111111111111111111110001111111110000000011111111111111
111111111111111000000001111111000011111111111111111111111111111111111111111111111111111111111111111111111111111111100011111111111000000011111111111111
111111111111110000000011111111100001111111111111111111111111111111111111111111111111111111111111111111111111111111000111111111111000000001111111111111
111111111111110000000011111111110000111111111111111111111111111111111111111111111111111111111111111111111111111110001111111111111100000000111111111111
111111111111100000000111111111111000011111111111111111111111111111111111111111111111111111111111111111111111111100011111111111111110000000011111111111
111111111111000000001111111111111100001111111111111111111111111111111111111111111111111111111111111111111111111000111111111111111111000000011111111111
111111111111000000001111111111111110000111111111111111111111111111111111111111111111111111111111111111111111110001111111111111111111000000001111111111
111111111110000000011111111111111111000011111111111111111111111111111111111111111111111111111111111111111111110011111111111111111111100000001111111111
111111111100000000111111111111111111100011111111111111111111111111111111111111111111111111111111111111111111110111111111111111111111110000000111111111
111111111100000000111111111111111111111011111111111111111111111111111111111111111111111111111111111111111111111111111111111111111111110000000011111111
111111111000000001111111111111111111111111111111111111111111111111111111111111111111111111111111111111111111111111111111111111111111111000000011111111
111111111000000011111111111111111111111111111111111111111111111111111111111111111111111111111111111111111111111111111111111111111111111000000001111111
111111110000000011111111111111111111111111111111111111111111111111111111111111111111111111111111111111111111111111111111111111111111111100000001111111
111111110000000111111111111111111111111111000000011111111111111111111111111111111111111111111111111111000000011111111111111111111111111100000000111111
111111100000000111111111111111111111111000000000000011111111111111111111111111111111111111111111111000000000000011111111111111111111111110000000111111
111111100000001111111111111111111111110000000000000000111111111111111111111111111111111111111111100000000000000001111111111111111111111110000000011111
111111000000001111111111111111111111000000001100000000011111111111111111111111111111111111111111000000001110000000011111111111111111111111000000011111
111111000000011111111111111111111110000001111111110000001111111111111111111111111111111111111110000001111111110000001111111111111111111111000000011111
111110000000011111111111111111111100000111111111111100000011111111111111111111111111111111111100000111111111111100000011111111111111111111100000001111
111110000000011111111111111111111000001111111111111111000001111111111111111111111111111111111000001111111111111110000001111111111111111111100000001111
111110000000111111111111111111110000011111111111111111100000111111111111111111111111111111110000011111111111111111100001111111111111111111100000001111
111100000000111111111111111111110000111111111111111111110000111111111111111111111111111111100000111111111111111111110000111111111111111111110000000111
111100000000111111111111111111100001111111111111111111111000011111111111111101111111111111100001111111111111111111111000011111111111111111110000000111
111100000001111111111111111111100011111111111111111111111100011111111111111101111111111111000011111111111111111111111100011111111111111111111000000111
111000000001111111111111111111100111111111111111111111111110011111111111111101111111111111100111111111111111111111111100011111111111111111111000000011
111000000001111111111111111111111111111111111111111111111111111111111111111001111111111111111111111111111111111111111111111111111111111111111000000011
111000000011111111111111111111111111111111111111111111111111111111111111111001111111111111111111111111111111111111111111111111111111111111111000000011
111000000011111111111111111111111111111111111111111111111111111111111111111001111111111111111111111111111111111111111111111111111111111111111100000011
110000000011111111111111111111111111111111111111111111111111111111111111111001111111111111111111111111111111111111111111111111111111111111111100000001
110000000011111111111111111111111111111111111111111111111111111111111111111001111111111111111111111111111111111111111111111111111111111111111100000001
110000000111111111111111111111111111111111111111111111111111111111111111111001111111111111111111111111111111111111111111111111111111111111111100000001
110000000111111111111111111111111111111111111111111111111111111111111111111001111111111111111111111111111111111111111111111111111111111111111110000001
100000000111111111111111111111111111111111111111111111111111111111111111111001111111111111111111111111111111111111111111111111111111111111111110000001
100000000111111111111111111111111111111111111111111111111111111111111111111001111111111111111111111111111111111111111111111111111111111111111110000001
100000000111111111111111111111111111111111111111111111111111111111111111111001111111111111111111111111111111111111111111111111111111111111111110000000
100000000111111111111111111111111111111111111111111111111111111111111111111000111111111111111111111111111111111111111111111111111111111111111110000000
100000001111111111111111111111111111111111111111111111111111111111111111111000111111111111111111111111111111111111111111111111111111111111111110000000
100000001111111111111111111111111111000000111111111111111111111111111111111000111111111111111111111111111111110000001111111111111111111111111111000000
100000001111111111111111111111111100000000001111111111111111111111111111111000111111111111111111111111111111000000000011111111111111111111111111000000
000000001111111111111111111111110000000000000011111111111111111111111111111000111111111111111111111111111100000000000000111111111111111111111111000000
000000001111111111111111111111100000000000000001111111111111111111111111110000111111111111111111111111111000000000000000011111111111111111111111000000
000000001111111111111111111111000000000000000000111111111111111111111111100000011111111111111111111111110000000000000000011111111111111111111111000000
000000001111111111111111111111000000000000000000111111111111111111111111100000001111111111111111111111110000000000000000001111111111111111111111000000
000000001110000000000000111110000000000000000000011111111111111111111111000000001111111111111111111111100000000000000000000111111111111111111111000000
000000001110000000000000011110000000000000000000011111111111111111111111000000001111111111111111111111100000000000000000000110000000000000011111000000
000000001111111111111111111100000000000000000000011111111111111111111111100000001111111111111111111111000000000000000000000111000000000000011111000000
000000001111111111111111111100000000000000000000011111111111111111111111100000011111111111111111111111000000000000000000000011111111111111111111000000
000000001111111111111111111100000000000000000000011111111111111111111111111000111111111111111111111111000000000000000000000011111111111111111111000000
000000001111111111111111111100000000000000000000011111111111111111111111111111111111111111111111111111000000000000000000000011111111111111111111000000
000000001111111111111111111100000000000000000000011111111111111111111111111111111111111111111111111111000000000000000000000011111111111111111111000000
000000001111111111111111111100000000000000000000011111111111111111111111111111111111111111111111111111000000000000000000000111111111111111111111000000
100000001111111111111111111110000000000000000000011111111111111111111111111111111111111111111111111111100000000000000000000111111111111111111110000000
100000000111111111111111111110000000000000000000011111111111111111111111111111111111111111111111111111100000000000000000000111111111111111111110000001
100000000111111111111111111111000000000000000000111111111111111111111111111111111111111111111111111111110000000000000000001111111111111111111110000001
100000000111111111111111111111000000000000000001111111111111111111111111111111111111111111111111111111110000000000000000011111111111111111111110000001
100000000111111111111111111111100000000000000001111111111111111111111111111111111111111111111111111111111000000000000000011111111111111111111110000001
100000000111111111111111111111110000000000000111111111111111111111111111111111111111111111111111111111111100000000000000111111111111111111111110000001
100000000111111111111111111111111100000000001111111111111111111111111111111111111111111111111111111111111111000000000011111111111111111111111100000001
110000000011111111111111111111111111000001111111111111111111111111111111111111111111111111111111111111111111111000011111111111111111111111111100000011
110000000011111111111111111111111111111111111111111111111111111111111111111111111111111111111111111111111111111111111111111111111111111111111100000011
110000000011111111111111111111111111111111111111111111111111111111111111111111111111111111111111111111111111111111111111111111111111111111111100000011
110000000011111111111111111111111111111111111111111111110011111111111111111111111111111111111100111111111111111111111111111111111111111111111000000011
111000000001111111111111111111111111111111111111111111110001111111111111111111111111111111111000111111111111111111111111111111111111111111111000000111
111000000001111111111111111111111111111111111111111111111000111111111111111111111111111111110001111111111111111111111111111111111111111111111000000111
111000000001111111111111111111111111111111111111111111111100001111111111111111111111111111100011111111111111111111111111111111111111111111111000000111
111000000000111111111111111111111111111111111111111111111111000111111111111111111111111110000111111111111111111111111111111111111111111111110000000111
111100000000111111111111111111111111111111111111111111111111100001111111111111111111111100011111111111111111111111111111111111111111111111110000001111
111100000000111111111111111111111111111111111111111111111111111000011111111111111111110000111111111111111111111111111111111111111111111111100000001111
111100000000011111111111111111111111111111111111111111111111111110000011111111111111000011111111111111111111111111111111111111111111111111100000001111
111110000000011111111111111111111111111111111111111111111111111111000000000111100000001111111111111111111111111111111111111111111111111111100000011111
111110000000011111111111111111111111111111111111111111111111111111000000000000000000001111111111111111111111111111111111111111111111111111000000011111
111111000000001111111111111111111111111111111111111111111111111111000000000000000000001111111111111111111111111111111111111111111111111111000000111111
111111000000001111111111111111111111111111111111111111111111111111000000000000000000001111111111111111111111111111111111111111111111111110000000111111
111111000000000111111111111111111111111111111111111111111111111111100000000000000000001111111111111111111111111111111111111111111111111110000000111111
111111100000000111111111111111111111111111111111111111111111111111100000000000000000011111111111111111111111111111111111111111111111111110000001111111
111111100000000011111111111111111111111111111111111111111111111111100000000000000000011111111111111111111111111111111111111111111111111100000001111111
111111110000000011111111111111111111111111111111111111111111111111100000000000000000011111111111111111111111111111111111111111111111111100000011111111
111111110000000001111111111111111111111111111111111111111111111111110000000000000000011111111111111111111111111111111111111111111111111000000011111111
111111111000000000111111111111111111111111111111111111111111111111110000000000000000111111111111111111111111111111111111111111111111110000000111111111
111111111000000000111111111111111111111111111111111111111111111111111000000000000000111111111111111111111111111111111111111111111111110000000111111111
111111111100000000011111111111111111111111111111111111111111111111111000000000000001111111111111111111111111110001111111111111111111100000001111111111
111111111110000000001111111111111111110001111111111111111111111111111100000000000001111111111111111111111111110000111111111111111111000000011111111111
111111111110000000001111111111111111100011111111111111111111111111111110000000000011111111111111111111111111111000011111111111111111000000011111111111
111111111111000000000111111111111111100011111111111111111111111111111111000000000111111111111111111111111111111100001111111111111110000000111111111111
111111111111100000000011111111111111000111111111111111111111111111111111110000011111111111111111111111111111111110000111111111111100000001111111111111
111111111111100000000011111111111110001111111111111111111111111111111111111111111111111111111111111111111111111111000011111111111000000001111111111111
111111111111110000000001111111111100011111111111111111111111111111111111111111111111111111111111111111111111111111100001111111111000000011111111111111
111111111111111000000000111111111000111111111111111111111111111111111111111111111111111111111111111111111111111111110000111111110000000111111111111111
111111111111111000000000011111110001111111111111111111111111111111111111111111111111111111111111111111111111111111111000011111100000000111111111111111
111111111111111100000000001111100011111111111111111111111111111111111111111111111111111111111111111111111111111111111100011111000000001111111111111111
111111111111111110000000000111100111111111111111111111111111111111111111111111111111111111111111111111111111111111111111111110000000011111111111111111
111111111111111111000000000011111111111111111111111111111111111111111111111111111111111111111111111111111111111111111111111100000000111111111111111111
111111111111111111100000000001111111111111111111111111111111111111111111111111111111111111111111111111111111111111111111111000000001111111111111111111
111111111111111111110000000000111111111111111111111111111111111111111111111111111111111111111111111111111111111111111111110000000011111111111111111111
111111111111111111110000000000011111111111111111111111111111111111111111111111111111111111111111111111111111111111111111100000000011111111111111111111
111111111111111111111000000000001111111111111111111111111111111111111111110011111111111111111111111111111111111111111111000000000111111111111111111111
111111111111111111111100000000000111111111111111111111111111111111111111110011111111111111111111111111111111111111111110000000001111111111111111111111
111111111111111111111110000000000001111111111111111111111111111111111111110011111111111111111111111111111111111111111000000000011111111111111111111111
111111111111111111111111100000000000111111111111111111111111111111111111110011111111111111111111111111111111111111110000000001111111111111111111111111
111111111111111111111111110000000000011111111111111111111111111111111111110011111111111111111111111111111111111111100000000011111111111111111111111111
111111111111111111111111111000000000000111111111111111111111111111111111110011111111111111111111111111111111111110000000000111111111111111111111111111
111111111111111111111111111100000000000011111111111111111111111111111111110011111111111111111111111111111111111100000000001111111111111111111111111111
111111111111111111111111111110000000000000111111111111111111111111111111110011111111111111111111111111111111110000000000011111111111111111111111111111
111111111111111111111111111111100000000000001111111111111111111111111111110011111111111111111111111111111111000000000001111111111111111111111111111111
111111111111111111111111111111110000000000000111111111111111111111111111110011111111111111111111111111111100000000000011111111111111111111111111111111
111111111111111111111111111111111100000000000000111111111111111111111111110011111111111111111111111111110000000000001111111111111111111111111111111111
111111111111111111111111111111111110000000000000001111111111111111111111110011111111111111111111111110000000000000011111111111111111111111111111111111
111111111111111111111111111111111111100000000000000001111111111111111111110011111111111111111111111000000000000001111111111111111111111111111111111111
111111111111111111111111111111111111110000000000000000001111111111111111110111111111111111111111000000000000000111111111111111111111111111111111111111
111111111111111111111111111111111111111100000000000000000001111111111111111111111111111111110000000000000000001111111111111111111111111111111111111111
111111111111111111111111111111111111111111000000000000000000000011111111111111111111111100000000000000000000111111111111111111111111111111111111111111
111111111111111111111111111111111111111111110000000000000000000000000000111111110000000000000000000000000011111111111111111111111111111111111111111111
111111111111111111111111111111111111111111111110000000000000000000000000000000000000000000000000000000011111111111111111111111111111111111111111111111
111111111111111111111111111111111111111111111111100000000000000000000000000000000000000000000000000011111111111111111111111111111111111111111111111111
111111111111111111111111111111111111111111111111111110000000000000000000000000000000000000000000011111111111111111111111111111111111111111111111111111
111111111111111111111111111111111111111111111111111111110000000000000000000000000000000000000111111111111111111111111111111111111111111111111111111111
111111111111111111111111111111111111111111111111111111111111100000000000000000000000000001111111111111111111111111111111111111111111111111111111111111
111111111111111111111111111111111111111111111111111111111111111111110000000000000011111111111111111111111111111111111111111111111111111111111111111111
