111111111111111111111111111111111111111111111111111111111111111111111111111111111111111111111111111111111111111111111111111111111111111111111111111111
111111111111111111111111111111111111111111111111111111111111111111111111111111111111111111111111111111111111111111111111111111111111111111111111111111
111111111111111111111111111111111111111111111111111111111111111111111111111111111111111111111111111111111111111111111111111111111111111111111111111111
111111111111111111111111111111111111111111111111111100100111011111111111111111111111111111111111111111111111111111111111111111111111111111111111111111
111111111111111111111111111111111111111111111111111100100101001100111111111111111111111111111111111111111111111111111111111111111111111111111111111111
111111111111111111111111111111111111111111111111111100100000001100110111111111111111111111111111111111111111111111111111111111111111111111111111111111
111111111111111111111111111111111111111111111111111100100000000100010110001111111111111111111111111111111111111111111111111111111111111111111111111111
111111111111111111111111111111111111111111111111111100100000000000000110001000001111111111111111111111111111111111111111111111111111111111111111111111
111111111111111111111111111111111111111111111111111100000000000000000000000000001011111111111111111111111111111111111111111111111111111111111111111111
111111111111111111111111111111111111111111111111111000000000000110000000000000000000001111111111111111111111111111111111111111111111111111111111111111
111111111111111111111111111111111111111111111111110000111011110111001100000000000000001000111111111111111111111111111111111111111111111111111111111111
111111111111111111111111111111111111111111111111001111111111111111001111010010000000010000011111111111111111111111111111111111111111111111111111111111
111111111111111111111111111111111111111111111100111111111111111111111111010111000000000000010111111111111111111111111111111111111111111111111111111111
111111111111111111111111111111111111111111111001111111111111111111111111011110010000000000000111111111111111111111111111111111111111111111111111111111
111111111111111111111111111111111111111111110011111111111111111111111111111110110000000000000111111111111111111111111111111111111111111111111111111111
111111111111111111111111111111111111111111100111111111111111111111111111111110110100000000001111111111111111111111111111111111111111111111111111111111
111111111111111111111111111111111111111111001111111111111111111111111111111111111101100000011111111111111111111111111111111111111111111111111111111111
111111111111111111111111111111111111111111011111111111111111111111111111111111111101110000011111111111111111111111111111111111111111111111111111111111
111111111111111111111111111111111111111110111111111111111111111111111111111111111111110100011111111111111111111111111111111111111111111111111111111111
111111111111111111111111111111111111111100111111111111111111111111111111111111111111111111001111111111111111111111111111111111111111111111111111111111
111111111111111111111111111111111111111100111111111000000011111111111111111111111111111111101111111111111111111111111111111111111111111111111111111111
111111111111111111111111111111111111111000111111100000000000111111111111111111111111111111110111111111111111111111111111111111111111111111111111111111
111111111111111111111111111111111111111011001100000111111000001111111111111111111111111111111011111111111111111111111111111111111111111111111111111111
111111111111111111111111111111111111110011100000011111111110000111111111111111111111111111111001111111111111111111111111111111111111111111111111111111
111111111111111111111111111111111111110011110000110000000111000111111100011111111111111111111101111111111111111111111111111111111111111111111111111111
111111111111111111111111111111111111110011110001000000000001100011100000000011111111111111111101111111111111111111111111111111111111111111111111111111
111111111111111111111111111111111111100001110010000111100000110000000110000000111111111111111100111111111111111111111111111111111111111111111111111111
111111111111111111111111111111111111100110100010011111111100110000111111110000011111111111111110111111111111111111111111111111111111111111111111111111
111111111111111111111111111111111111101111000100111111111110011011000000001100011111111111111110111111111111111111111111111111111111111111111111111111
111111111111111111111111111111111111101111000100111111111100011110011111100110001111111111111110111111111111111111111111111111111111111111111111111111
111111111111111111111111111111111111001111100100111111111001011100000000010011000111111111111110011111111111111111111111111111111111111111111111111111
111111111111111111111111111111111111011111100100111111110010011000011111000001000111111111111110011111111111111111111111111111111111111111111111111111
111111111111111111111111111111111111011111110100001111110100011001111111110001100001111111111110011111111111111111111111111111111111111111111111111111
111111111111111111111111111111111111011111110100000000100000010001111111111000100000001111111110011111111111111111111111111111111111111111111111111111
111111111111111111111111111111111111011111110000011110000000010000111111111000100100000000000000011111111111111111111111111111111111111111111111111111
111111111111111111111111111111111111011111110010001111111110110000011111110000100100111111111110011111111111111111111111111111111111111111111111111111
111111111111111111111111111111111110011111111001000111111100110001001111110100100001111111111111011111111111111111111111111111111111111111111111111111
111111111111111011111111111111111110111111111101100001110001110001110011101000100001111111111110111111111111111111111111111111111111111111111111111111
111111111111100100111111111111111110111111111110110000000111001000111100000001100100111111111100111111111111111111111111111111111111111111111111111111
111111111000001110011111111111111110111111111111001111111100001000111111100001000000000000000001111111111111111111111111111111111111111111111111111111
111111111011100011011111111111111110111111111111100000000011100100011111111011000011111111111001111111111111111111111111111111111111111111111111111111
111111111011111111100011111111111110111111111111111100001111110110000111110010001111111111111011111111111111111111111111111111111111111111111111111111
111111111011111111110000000000001100111111000111111111111111111011000000001100011111111111110011111111111111111111111111111111111111111111111111111111
111111111100011111111001111111110001111111000111111111111111111100110000111000111111111111110111111111111111111111111111111111111111111111111111111111
111111111110001111111011111111111001111111110011111111111111111110001111000011111111111111110111111111111111111111111111111111111111111111111111111111
111111111110011111111011111111110001111111110001111111111111111111110000011111111111111111110111111111111111111111111111111111111111111111111111111111
111111111100111111111000000001110001111111111000011111111111111111111111111111111111111111100111111111111111111111111111111111111111111111111111111111
111111111101111000000000011100010001111111111001000000011111111111111111111111111111111111101111111111111111111111111111111111111111111111111111111111
111111111100100011111101111111000011111111111000011110000000000111111111100111111111111111101111111111111111111111111111111111111111111111111111111111
111111111110001111111111111111100011111111111000000011111111111000000000000111111111111111101111111111111111111111111111111111111111111111111111111111
111111111111111111111111111111100011111111111100000000011100111111111000001111111111111111101111111111111111111111111111111111111111111111111111111111
111111111111111111111111111111100011111111111100000000000000000000000000011111111111111111100111111111111111111111111111111111111111111111111111111111
111111111111111111111111111111100011111111111100000011110000000000000000011111111111111111000111111111111111111111111111111111111111111111111111111111
111111111111111111111111111111100011111111111110001111111100000000000000111111111111111100000111111111111111111111111111111111111111111111111111111111
111111111111111111111111111111110011111111111110011111111111000000000001111111111111110011110111111111111111111111111111111111111111111111111111111111
111111111111111111111111111111110001111111111111001111111111111111000001111111111111101111110111111111111111111111111111111111111111111111111111111111
111111111111111111111111111111110101111111111111101111111111111111110011111111111110011111110111111111111111111111111111111111111111111111111111111111
111111111111111111111111111111110101111111111111100111111111111111100111111111111100111111100111111111111111111111111111111111111111111111111111111111
111111111111111111111111111111110100111111111111110011111111111111001111111111111001111110000111111111111111111111111111111111111111111111111111111111
111111111111111111111111111111110010111111111111111001111111111110011111111111100111111001101111111111111111111111111111111111111111111111111111111111
111111111111111111111111111111110010111111111111111100111111111000111111111110001111100011101111111111111111111111111111111111111111111111111111111111
111111111111111111111111111111110010011111111111111111000111000011111111111100111111001111101111111111111111111111111111111111111111111111111111111111
111111111111111111111111111111110001001111111111111111110000011111111111110011111100111011101111111111111111111111111111111111111111111111111111111111
111111111111111111111111111111110001000011111111111111111111111111111111001111110001111100000111111111111111111111111111111111111111111111111111111111
111111111111111111111111111111110000000000111111111111111111111111111100111111000111111111110000011111111111111111111111111111111111111111111111111111
111111111111111111111111111111110010001110001111111111111111111111100011111100011111111111111111001111111111111111111111111111111111111111111111111111
111111111111111111111111111111111010000111110000111111111111111110001111110001111111111111111111100111111111111111111111111111111111111111111111111111
111111111111111111111111111111111010000111111110000000000000000001111111000111111111111111111111100011111101111111111111111111111111111111111111111111
111111111111111111111111111111111010001111111111111100000000001111111100011111111111110000000000000000000000111111111111111111111111111111111111111111
111111111111111111111111111111111000111111111111111111111000001111110001111111111111110111100100100110001110111111111111111111111111111111111111111111
111111111111111111111111111111111000111111111111111111111000001111000111111111111111111111100100111111011110111111111111111111111111111111111111111111
111111111111111111111111111111111100111110001111111111111000001100011111111111111111111111100100111111011100111111111111111111111111111111111111111111
111111111111111111111111111111111100111110100001111111111000000001111111111111111111111111100000110110000001111111111111111111111111111111111111111111
111111111111111111111111111111111100111110111100000001111100000011111111111111111111111111000000110000000111111111111111111111111111111111111111111111
111111111111111111111111111111111110111110111101111100111111110111111111111111111111111100110001110000011111111111111111111111111111111111111111111111
111111111111111111111111111111111110111110111000011110111111110111111111111111111111110011110001110011111111111111111111111111111111111111111111111111
111111111111111111111111111111111110111110010010011110111111110111111111111111111100001111110000110111111111111111111111111111111111111111111111111111
111111111111111111111111111111111111011111010011001110111111110111111111111111000011111111110110000111111111111111111111111111111111111111111111111111
111111111111111111111111111111111111011111010000001110111111110011111111110000111111111111110111011111111111111111111111111111111111111111111111111111
111111111111111111111111111111111111011111011000101110111111111011111100001111111111111111100111111111111111111111111111111111111111111111111111111111
111111111111111111111111111111111111011111101001001110111111111011100001111111111111111111101111111111111111111111111111111111111111111111111111111111
111111111111111111111111111111111111011111101100001110111111111100001111111111111111111111001111111111111111111111111111111111111111111111111111111111
111111111111111111111111111111111111011111110100011110111111111111111111111111111111111110011111111111111111111111111111111111111111111111111111111111
111111111111111111111111111111111111001111110001111100111111111110011111111111111111111100111111111111111111111111111111111111111111111111111111111111
111111111111111111111111111111111111101111111100000001111111111111110000000111111111110011111111111111111111111111111111111111111111111111111111111111
111111111111000111111111111111111111101111111111111111111111111111111111111111111111000111111111111111111111111111111111111111111111111111111111111111
111111111110000011111111111111111111110111111111111111111111111111111111111111111100000111111111111111111111111111111111111111111111111111111111111111
111111111110000000111111111111111111110111111111111111111111111111111111111111100001110011111111111111111111111111111111111111111111111111111111111111
111111111110111000011111111111111111111011111111111111111111111111111111111100001111110011111111111111111111111111111111111111111111111111111111111111
111111111110011100000111111111111111111101111111111111111111111111111111100000001111110011111111111111111111111111111111111111111111111111111111111111
111111111110011111000001111111111111111110111111111111111111111111111000000100000000000011111111111111111111111111111111111111111111111111111111111111
111111111110011111110000011111111111111111001111111111111111111100000011111111001111111001111111111111111111111111111111111111111111111111111111111111
111111111111011111111100000111111111111111100001111111111000000000001111111111000111111100111111111111111111111111111111111111111111111111111111111111
111111111111011111111111000001111111111111111100000000000000110001111111111111000011111110000000011111111111111111111111111111111111111111111111111111
111111111111011111111111110000011111111111111111001111111111100111111111111110010001111110011110000000000001111111111111111111111111111111111111111111
111111111111011111111111111100000111111111111111001111111110001111111111111100111100001100111111111111110000000000001111111111111111111111111111111111
111111111111011111111111111111000001111111111111101111111100011111111111111000111110000000111111111111111111110000000000000001111111111111111111111111
111111111111011111111111111111110000011111111111100111111100111111111111100001111111110011111111111111111111111001111111111100000000000111111111111111
111111111111011111111111111111111100000111111111000011111001111111111100011100011111111111111111111111111111111001111111111111111111000000000001111111
111111111111011111111111111111111111100000111110111000000001111111000011111100011111111111111111111111111111110001111111111111111111111111111000011111
111111111110011111111111111111111111111000000101111111110000000000111111111101011111111111111111111111111111110001111111111111111111111111100001111111
111111111100011111111111111111111111111111000011111111000000011111111111111101111111111111111111111111111111111101111111111111111111111000001111111111
111111111011001111111111111111111111111111110011111100011111111111111111111101111111111111111111111111111111111101111111111111111111000001111111111111
111111110011100000001111111111111111111111110011111001111111111111111111111101111111111111111111111111111111111001111111111111110000011111111111111111
111111110111111111000000000000000000000000000001100011111111111111111111111101111111111111111111111111111111110000111111111110000011111111111111111111
111111110111111111111111111111111111111111111100000111111111111111111111111101111111111111111111111111111111111110111111100000111111111111111111111111
111111100111111111111111111111111111111111111110111111111111111111111111111101111111111111111111111111111111111110011100000111111111111111111111111111
111111100111111111111111111111111111111111111111111111111111111111111111111101111111111111111111111111111111111100000000111111111111111111111111111111
111111101111111111111111111111111111111111111111111111111111111111111111111100001111111111111111111111111111111000001111111111111111111111111111111111
111111101111111111111111111111111111111100000001111111111111111111111111111100001111111111111111111111111111100001111111111111111111111111111111111111
111111100111111111111111111111110000000000000001111111111111111111111111111110111111111111111111111111111000011111111111111111111111111111111111111111
111111100111111111111111000000000011111000000001111111111111111111111111111110111111111111111111111110000011111111111111111111111111111111111111111111
111111100111111100000000111111111100000000001111111111111111111111111111111110011111111111111111110000011111111111111111111111111111111111111111111111
111111100110000011111111111111111110000011111111000000000000000000000000000010011111111111111100000111111111111111111111111111111111111111111111111111
111111110100111111111111110001110000111100000000000001111111111111111110000000001111111111100000111111111111111111111111111111111111111111111111111111
111111110001111111111100011110000110000000111110001111111111111111111111111111000001111000001111111111111111111111111111111111111111111111111111111111
111111110011111111000011100000000000111111111000011111111111111111111111111111110000000001111111111111111111111111111111111111111111111111111111111111
111111110111110000111100001000001111111111110001111111111111111111111111111111111000011111111111111111111111111111111111111111111111111111111111111111
111111110000001111100000000011111111111111100011111111111111111111111111111111111111111111111111111111111111111111111111111111111111111111111111111111
111111100011111100011000011111111111111110000111111111111111111111111111111111111111111111111111111111111111111111111111111111111111111111111111111111
111111100111100001100011111111111111111100011111111111111111111111111111111111111111111111111111111111111111111111111111111111111111111111111111111111
111111100100000100001111111111111111111000111111111111111111111111111111111111111111111111111111111111111111111111111111111111111111111111111111111111
111111110010000000011111111111111111110001111111111111111111111111111111111111111111111111111111111111111111111111111111111111111111111111111111111111
111111111111110110011111111111111111100011111111111111111111111111111111111111111111111111111111111111111111111111111111111111111111111111111111111111
111111111111111111011111111111111110000111111111111111111111111111111111111111111111111111111111111111111111111111111111111111111111111111111111111111
111111111111111111101111111111111100001111111111111111111111111111111111111111111111111111111111111111111111111111111111111111111111111111111111111111
111111111111111111101111111111111000111111111111111111111111111111111111111111111111111111111111111111111111111111111111111111111111111111111111111111
111111111111111111100111111111110001111111111111111111111111111111111111111111111111111111111111111111111111111111111111111111111111111111111111111111
111111111111111111110111111111100011111111111111111111111111111111111111111111111111111111111111111111111111111111111111111111111111111111111111111111
111111111111111111110011111111000111111111111111111111111111111111111111111111111111111111111111111111111111111111111111111111111111111111111111111111
111111111111111111111011111111001111111111111111111111111111111111111111111111111111111111111111111111111111111111111111111111111111111111111111111111
111111111111111111111001111110011111111111111111111111111111111111111111111111111111111111111111111111111111111111111111111111111111111111111111111111
111111111111111111111101111100111111111111111111111111111111111111111111111111111111111111111111111111111111111111111111111111111111111111111111111111
111111111111111111111100111000111111111111111111111111111111111111111111111111111111111111111111111111111111111111111111111111111111111111111111111111
111111111111111111111110110001111111111111111111111111111111111111111111111111111111111111111111111111111111111111111111111111111111111111111111111111
111111111111111111111110010011111111111111111111111111111111111111111111111111111111111111111111111111111111111111111111111111111111111111111111111111
111111111111111111111111000111111111111111111111111111111111111111111111111111111111111111111111111111111111111111111111111111111111111111111111111111
111111111111111111111111101111111111111111111111111111111111111111111111111111111111111111111111111111111111111111111111111111111111111111111111111111
111111111111111111111111111111111111111111111111111111111111111111111111111111111111111111111111111111111111111111111111111111111111111111111111111111
111111111111111111111111111111111111111111111111111111111111111111111111111111111111111111111111111111111111111111111111111111111111111111111111111111
