11111111111111111111111111111111111111111111111111111111111111111111111111111111111
11111111111111111111111111111111111111111111111111111111111111111111111111111111111
11111111111111111111111111111111111111111111111111111111111111111111111111111111111
11111111111111111111111111111111111111111111111111111111111111111111111111111111111
11111111111111111111111111111111111111111000111111111111111111111111111111111111111
11111111111111111111111111111111111111110000011111111111111111111111111111111111111
11111111111111111111111111111111111111100000001111111111111111111111111111111111111
11111111111111111111111111111111111111100010000111111111111111111111111111111111111
11111111111111111111111111111111111111000111000011111111111111111111111111111111111
11111111111111111111111111111111111110001111100001111111111111111111111111111111111
11111111111111111111111111111111111100011111110001111111111111111111111111111111111
11111111111111111111111111111111111000111111111000111111111111111111111111111111111
11111111111111111111111111111111111000111111111100011111111111111111111111111111111
11111111111111111111111111111111110001111111111110001111111111111111111111111111111
11111111111111111111111111111111100011111111111111000111111111111111111111111111111
11111111111111111111111111111111000111111111111111000111111111111111111111111111111
11111111111111111111111111111111000111111111111111100011111111111111111111111111111
11111111111111111111111111111110001111111111111111110001111111111111111111111111111
11111111111111111111111111111100011111111111111111110001111111111111111111111111111
11111111111111111111111111111100011111111111111111111000111111111111111111111111111
11111111111111111111111111111000111111111111111111111100111111111111111111111111111
11111111111111111111111111111000111111111111111111111000011111111111111111111111111
11111111111111111111111111110000001111111111111111100000011111111111111111111111111
11111111111111111111111111110000000011111111111110000000001111111111111111111111111
11111111111111111111111111100011000000000111100000000111001111111111111111111111111
11111111111111111111111111100111111000000000000000011111000111111111111111111111111
11111111111111111111111111000111111111000000000111111111100111111111111111111111111
11111111111111111111111111001111111111111111111111111111100011111111111111111111111
11111111111111111111111110001111111111111111111111111111100011111111111111111111111
11111111111111111111111110011111111111111111111111111111110011111111111111111111111
11111111111111111111111100011111111111111111111111111111110001111111111111111111111
11111111111111111111111100111111111111111111111111111111111001111111111111111111111
11111111111111111111111000111111111111111111111111111111111000111111111111111111111
11111111111111111111111000111111111111111111111111111111111000111111111111111111111
11111111111111111111111001111111111111111111111111111111111100111111111111111111111
11111111111111111111110001111111111111111111111111111111111100111111111111111111111
11111111111111111111110001111111111111111111111111111111111100011111111111111111111
11111111111111111111110011111111111111111111111111111111111100011111111111111111111
11111111111111111111100011111111111111111111111111111111111110011111111111111111111
11111111111111111111100011111111111111111111111111111111111110011111111111111111111
11111111111111111111100111111111111111111111111111111111111110001111111111111111111
11111111111111111111100111111111111111111111111111111111111110001111111111111111111
11111111111111111111000111111111111111111111111111111111111110001111111111111111111
11111111111111111111000111111111111111111111111111111111111111001111111111111111111
11111111111111111111001111111111111111000000001111111111111111001111111111111111111
11111111111111111111001111111111111100000000000011111111111111001111111111111111111
11111111111111111110001111111111111000001111000001111111111111000111111111111111111
11111111111111111110001111111111110001111111110000111111111111000111111111111111111
11111111111111111110001111111111100011111111111100011111111111000111111111111111111
11111111111111111110011111111111000111111111111110011111111111000111111111111111111
11111111111111111110011111111111001111111111111110001111111111100111111111111111111
11111111111111111110011111111110001111111111111111001111111111100111111111111111111
11111111111111111110011111111110011111111111111111000111111111100111111111111111111
11111111111111111110011111111110011111111111111111000111111111100111111111111111111
11111111111111111100011111111110011111111111111111000111111111100111111111111111111
11111111111111111100011111111110011111111111111111000111111111100111111111111111111
11111111111111111100011111111110011111111111111111000111111111100111111111111111111
11111111111111111100011111111110001111111111111111001111111111100111111111111111111
11111111111111111100011111111110001111111111111111001111111111100111111111111111111
11111111111111111100011111111111000111111111111110001111111111100111111111111111111
11111111111111111100011111111111000111111111111100011111111111100111111111111111111
11111111111111111100011111111111100011111111111000011111111111100111111111111111111
11111111111111111100011111111111110000111111110000111111111111100111111111111111111
11111111111111111100011111111111111000000100000001111111111111100111111111111111111
11111111111111111100011111111111111100000000000111111111111111000111111111111111111
11111111111111111100011111111111111111100000011111111111111111000111111111111111111
11111111111111111100011111111111111111111111111111111111111111000111111111111111111
11111111111111111100011111111111111111111111111111111111111111000111111111111111111
11111111111111111110011111111111111111111111111111111111111111001111111111111111111
11111111111111111110011111111111111111111111111111111111111111001111111111111111111
11111111111111111110011111111111111111111111111111111111111111001111111111111111111
11111111111111111100011111111111111111111111111111111111111111001111111111111111111
11111111111111111000011111111111111111111111111111111111111110000111111111111111111
11111111111111110000001111111111111111111111111111111111111110000011111111111111111
11111111111111100000001111111111111111111111111111111111111110000001111111111111111
11111111111111000010001111111111111111111111111111111111111110010000111111111111111
11111111111110000111001111111111111111111111111111111111111110011000011111111111111
11111111111100001111001111111111111111111111111111111111111100011100011111111111111
11111111111100011111001111111111111111111111111111111111111100011110001111111111111
11111111111000111111000111111111111111111111111111111111111100011111000111111111111
11111111110001111111000111111111111111111111111111111111111100111111100011111111111
11111111110011111111100111111111111111111111111111111111111100111111110011111111111
11111111100011111111100111111111111111111111111111111111111000111111110001111111111
11111111000111111111100011111111111111111111111111111111111000111111111000111111111
11111111000111111111100011111111111111111111111111111111111001111111111000111111111
11111110001111111111110011111111111111111111111111111111110001111111111100011111111
11111110001111111111110011111111111111111111111111111111110001111111111100011111111
11111110011111111111110001111111111111111111111111111111110011111111111110011111111
11111100011111111111111001111111111111111111111111111111110011111111111110001111111
11111100111111111111111001111111111111111111111111111111100011111111111111001111111
11111100111111111111111000111111111111111111111111111111100111111111111111001111111
11111000111111111111111000111111111111111111111111111111100111111111111111000111111
11111000111111111111111100111111111111111111111111111111000111111111111111100111111
11111001111111111111111100011111111111111111111111111111001111111111111111100111111
11111001111111111111111110011111111111111111111111111110001111111111111111100111111
11111001111111111111111110011111111111111111111111111110001111111111111111100011111
11110001111111111111111110001111111111111111111111111110011111111111111111100011111
11110001111111111111111100001111111111111111111111111100011111111111111111100011111
11110001111111111111110000000111111111111111111111111100000111111111111111100011111
11110001111111111111100001000111111111111111111111111000000011111111111111100011111
11110001111111111111000011100011111111111111111111111001100001111111111111100011111
11110001111111111111000111100011111111111111111111110001111000111111111111100011111
11110001111111111110001111110011111111111111111111110011111100011111111111100011111
11110001111111111100011111100000000111111111111111100011111100011111111111100011111
11110001111111111000111111000000000000000000000000000001111110001111111111100011111
11110001111111111000111111000000000000000000000000000000111111000111111111100011111
11111001111111110001111111000111111111111111111111111000111111000111111111100111111
11111001111111110011111111000111111111111111111111111000111111100011111111100111111
11111001111111100011111111000000000011111111111111111000111111100011111111100111111
11111001111111100111111111000000000000000000000000000000111111110001111111100111111
11111000111111000111111111100000000000000000000000000001111111110001111111000111111
11111000111111001111111111111110001111111111111100111111111111111000111111000111111
11111100111110001111111111111110001111111111111100111111111111111000111111001111111
11111100111110001111111111111110001111111111111100111111111111111100111111001111111
11111100011110011111111111111110001111111111111100111111111111111100011110001111111
11111100011100011111111111111110001111111111111100111111111111111100011110001111111
11111110011100111111111001111110000000000000000000111111101111111110011110011111111
11111110011100111111111001111110000000000000000000111111001111111110001100011111111
11111110001000111111111001111111100000000000000000111111001111111110001100011111111
11111111001001111111111001111111111111111111111111111111001111111111001100111111111
11111111000001111111111001111111111111111111111111111111001111111111000000111111111
11111111000001111111111001111111111111111111111111111111001111111111000000111111111
11111111100001111111111001111111011111111111111111111111001111111111100001111111111
11111111100011111111111001111110011111110111111100111111001111111111100001111111111
11111111100011111111111001111110011111100011111100111111001111111111100011111111111
11111111110011111111111001111110001111100011111100111111001111111111100011111111111
11111111111011111111111001111110001111100011111100111111001111111111100011111111111
11111111111111111111111001111110011111100011111100111111001111111111110111111111111
11111111111111111111111001111110011111100011111100111111001111111111111111111111111
11111111111111111111111001111110011111100011111100111111001111111111111111111111111
11111111111111111111111001111110011111100011111100111111001111111111111111111111111
11111111111111111111111001111110011111100011111100111111001111111111111111111111111
11111111111111111111111001111110011111100011111100111111001111111111111111111111111
11111111111111111111111111111110011111100011111100111111001111111111111111111111111
11111111111111111111111111111110011111100011111100111111111111111111111111111111111
11111111111111111111111111111110011111100011111100111111111111111111111111111111111
11111111111111111111111111111110011111100111111100111111111111111111111111111111111
11111111111111111111111111111110011111100111111100111111111111111111111111111111111
11111111111111111111111111111110011111100111111100111111111111111111111111111111111
11111111111111111111111111111110011111100111111100111111111111111111111111111111111
11111111111111111111111111111111111111100111111101111111111111111111111111111111111
11111111111111111111111111111111111111100111111111111111111111111111111111111111111
11111111111111111111111111111111111111100111111111111111111111111111111111111111111
11111111111111111111111111111111111111100111111111111111111111111111111111111111111
11111111111111111111111111111111111111100111111111111111111111111111111111111111111
11111111111111111111111111111111111111100111111111111111111111111111111111111111111
11111111111111111111111111111111111111100111111111111111111111111111111111111111111
11111111111111111111111111111111111111111111111111111111111111111111111111111111111
11111111111111111111111111111111111111111111111111111111111111111111111111111111111
11111111111111111111111111111111111111111111111111111111111111111111111111111111111
