1101111111111111111111111111111111111111111111111111111111111111111111111111111111111111111111111111111111111111111111111111111111111111111111111111111111111111111111111111111111111111111111111111111111111111111111111111111111111111111111111111111111
1000111111111111111111111111111111111111111111111111111111111111111111111111111111111111111111111111111111111111111111111111111111111111111111111111111111111111111111111111111111111111111111111111111111111111111111111111111111111111111111111111111111
1000011111111111111111111111111111111111111111111111111111111111111111111111111111111111111111111111111111111111111111111111111111111111111111111111111111111111111111111111111111111111111111111111111111111111111111111111111111111111111111111111111111
1011011111111111111111111111111111111111111111111111111111111111111111111111111111111111111111111111111111111111111111111111111111111111111111111111111111111111111111111111111111111111111111111111111111111111111111111111111111111111111111111111111111
1011001111111111111111111111111111111111111111111111111111111111111111111111111111111111111111111111111111111111111111111111111111111111111111111111111111111111111111111111111111111111111111111111111111111111111111111111111111111111111111111111111111
0011001111111111111111111111111111111111111111111111111111111111111111111111111111111111111111111111111111111111111111111111111111111111111111111111111111111111111111111111111111111111111111111111111111111111111111111111111111111111111111111111111111
0011101111111111111111111111111111111111111111111111111111111111111111111111111111111111111111111111111111111111111111111111111111111111111111111111111111111111111111111111111111111111111111111111111111111111111111111111111111111111111111111111111111
0011100111111111111111111111111111111111111111111111111111111111111111111111111111111111111111111111111111111111111111111111111111111111111111111111111111111111111111111111111111111111111111111111111111111111111111111111111111111111111111111111111111
0011110111111111111111111111111111111111111111111111111111111111111111111111111111111111111111111111111111111111111111111111111111111111111111111111111111111111111111111111111111111111111111111111111111111111111111111111111111111111111111111111111111
0011110011111111111111111111111111111111111111111111111111111111111111111111111111111111111111111111111111111111111111111111111111111111111111111111111111111111111111111111111111111111111111111111111111111111111111111111111111111111111111111111111111
0011111011111111111111111111111111111111111111111111111111111111111111111111111111111111111111111111111111111111111111111111111111111111111111111111111111111111111111111111111111111111111111111111111111111111111111111111111111111111111111111111111111
0011111001111111111111111111111111111111111111111111111111111111111111111111111111111111111111111111111111111111111111111111111111111111111111111111111111111111111111111111111111111111111111111111111111111111111111111111111111111111111111111111111111
0011111100111111111111111111111111111111111111111111111111111111111111111111111111111111111111111111111111111111111111111111111111111111111111111111111111111111111111111111111111111111111111111111111111111111111111111111111111111111111111111111111111
1011111110011111111111111111111111111111111111111111111111111111111111111111111111111111111111111111111111111111111111111111111111111111111111111111111111111111111111111111111111111111111111111111111111111111111111111111111111111111111111111111111111
1001111111001111111111111111111111111111111111111111111111111111111111111111111111111111111111111111111111111111111111111111111110000011111111111111111111111111111111111111111111111111111111111111111111111111111111111111111111111111111111111111111111
1100111111100111111111111111111111111111111111111111111111111111111111111111111111111111111111111111111111111111111111111111111100000001111111111111111111111111111111111111111111111111111111111111111111111111111111111111111111111111111111111111111111
1100111111110001111111111111111111111111111111111111111111111111111111111111111111111111111111111111111111111111111111111111111100111001111111111111111111111111111111111111111111111111111111111111111111111111111111111111111111111111111111111111111111
1110011111111100111111111111111111111111111111111111111111111111111111111111111111111111111111111111111111111111111111111111111101111001111111111111111111111111111111111111111111111111111111111111111111111111111111111111111111111111111111111111111111
1111001111111110011111111111111111111111111111111111111111111111111111111111111111111111111111111111111111111111111111111111111101111101111111111111111111111111111111111111111111111111111111111111111111111111111111111111111111111111111111111111111111
1111100111111111000111111111111111111111111111111111111111111111111111111111111111111111111111111111111111111111111111111111111101111101111111111111111111111111111111111111111111111111111111111111111111111111111111111111111111111111111111111111111111
1111110011111111100011111111111111111111111111111111111111111111111111111111111111111111111111111111111111111111111111111111111101111100111111111111111111111111111111111111111111111111111111111111111111111111111111111111111111111111111111111111111111
1111110001111111111001111111111111111111111111111111111111111111111111111111111111111111111111111111111111111111111111111111111101111100111111111111111111111111111111111111111111111111111111111111111111111111111111111111111111111111111111111111111111
1111111000111111111100111111111111111111111111111111111111111111111111111111111111111111111111111111111111111111111111111111111101111100111111111111111111111111111111111111111111111111111111111111111111111111111111111111111111111111111111111111111111
1111111100011111111110001111111111111111111111111111111111111111111111111111111111111111111111111111111111111111111111111111111101011100111111111111111111111111111111111111111111111111111111111111111111111111111111111111111111111111111111111111111111
1111111110011111111111000111111111111111111111111111111111111111111111111111111111111111111111111111111111111111111111111111111101011100111111111111111111111111111111111111111111111111111111111111111111111111111111111111111111111111111111111111111111
1111111111001111111111110011111111111111111111111111111111111111111111111111111111111111111111111111111111111111111111111111111101011100111111111111111111111111111111111111111111111111111111111111111111111111111111111111111111111111111111111111111111
1111111111100111111111111001111111111111111111111111111111111111111111111111111111111111111111111111111111111111111111111111111001011110111111111111111111111111111111111111111111111111111111111111111111111111111111111111111111111111111111111111111111
1111111111110011111111111100111111111111111111111111111111111111111111111111111111111111111111111111111111111111111111111111111001011110111111111111111111111111111111111111111111111111111111111111111111111111111111111111111111111111111111111111111111
1111111111111001111111111110001111111111111111111111111111111111111111111111111111111111111111111111111111111111111111111111111001111110111111111111111111111111111111111111111111111111111111111111111111111111111111111111111111111111111111111111111111
1111111111111100111111111111000111111111111111111111111111111111111111111111111111111111111111111111111111111111111111111111111001111110011111111111111111111111111111111111111111111111111111111111111111111111111111111111111111111111111111111111111111
1111111111111110011111111111110011111111111111111111111111111111111111111111111111111111111111111111111111111111111111111111111001111110011111111111111111111111111111111111111111111111111111111111111111111111111111111111111111111111111111111111111111
1111111111111111001111111111111001111111111111111111101111111111111111111111111111111111111111111111111111111111111111111111111001111110011111111111111111111111111111111111111111111111111111111111111111111111111111111111111111111111111111111111111111
1111111111111111100111111111111100111111111111111111001111111111111111111111111111111111111111111111111111111111111111111111111001111110011111111111111111111111111111111111111111111111111111111111111111111111111111111111111111111111111111111111111111
1111111111111111110011111111111110001111111111111110011111111111111111111111111111111111111111111111111111111111111111111111111001111110011111111111111111111111111111111111111111111111111111111111111111111111111111111111111111111111111111111111111111
1111111111111111111001111111111111000111111111111101011111111111111111111111111111111111111111111111111111111111111111111111111001111110011111111111111111111111111111111111111111111111111111111111111111111111111111111111111111111111111111111111111111
1111111111111111111100111111111111110011111111111010111111111111111111111111111111111111111111111111111111111111111111111111111010111111011111111111111111111111111111111111111111111111111111111111111111111111111111111111111111111111111111111111111111
1111111111111111111100011111111111111001111111110110111111111111111111111111111111111111111111111111111111111111111111111111111010111111011111111111111111111111111111111111111111111111111111111111111111111111111111111111111111111111111111111111111111
1111111111111111111110001111111111111100111111101101111111111111111111111111111111111111111111111111111111111111111111111111111010111111011111111111111111111111111111111111111111111111111111111111111111111111111111111111111111111111111111111111111111
1111111111111111111111000111111111111110001111001101111111111111111111111111111111111111111111111111111111111111111111111111111010111111011111111111111111111111111111111111111111111111111111111111111111111111111111111111111111111111111111111111111111
1111111111111111111111100111111111111111000110011011111111111111111111111111111111111111111111111111111111111111111111111111111010111111001111111111111111111111111111111111111111111111111111111111111111111111111111111111111111111111111111111111111111
1111111111111111111111110011111111111111110000111011111111111111111111111111111111111111111111111111111111111111111111111111111010111111001111111111111111111111111111111111111111111111111111111111111111111111111111111111111111111111111111111111111111
1111111111111111111111111001111111111111111001110111111111111111111111111111111111111111111111111111111111111111111111111111110011111111001111111111111111111111111111111111111111111111111111111111111111111111111111111111111111111111111111111111111111
1111111111111111111111111100111100000111111011110111111111111111111111111111111111111111111111111111111111111111111111111111110011111111001111111111111111111111111111111111111111111111111111111111111111111111111111111111111111111111111111111111111111
1111111111111111111111111110000000000000000011101111111111111111111111111111111111111111111111111111111111111111111111111111110011111111001111111111111111111111111111111111111111111111111111111111111111111111111111111111111111111111111111111111111111
1111111111111111111111111000111111111111100111100111111111111111111111111111111111111111111111111111111111111111111111111111110011111111101111111111111111111111111111111111111111111111111111111111111111111111111111111111111111111111111111111111111111
1111111111111111111111110011111111111111101111000011111111111111111111111111111111111111111111111111111111111111111111111111110011111111101111111111111111111111111111111111111111111111111111111111111111111111111111111111111111111111111111111111111111
1111111111111111111111110111111111111111001110000001111111111111111111111111111111111111111111111111111111111111111111111111110001111111101111111111111111111111111111111111111111111111111111111111111111111111111111111111111111111111111111111111111111
1111111111111111111111110111111111110000011110111000111111111111111111111111111111111111111111111111111111111111111111111111110001111111100111111111111111111111111111111111111111111111111111111111111111111111111111111111111111111111111111111111111111
1111111111111111111111100111111111000110001101111100001111111111111111111111111111111111111111111111111111111111111111111111110101111111100111111111111111111111111111111111111111111111000001111111111111111111111111111111111111111111111111111111111111
1111111111111111111111100111111100111111110001111111000111111111111111111111111111111111111111111111111111111111111111111111110101111111100111111111111111111111111111111111111111000011100011111111111111111111111111111111111111111111111111111111111111
1111111111111111111111110111111001111111111001111111100011111111111111111111111111111111111111111111111111111111111111111111100101111111100111111111111111111111111111111111110000011110001111111111111111111111111111111111111111111111111111111111111111
1111111111111111111111110111111011111111111100111111110001111111111111111111111111111110000000011111111111111111111111111111100101111111100111111111111111111111111111111110000011111000111111111111111111111111111111111111111111111111111111111111111111
1111111111111111111111110111111011111111111110111111111000111111111111111111111111110000000000000000111111111111111111111111100111111111110111111111111111111111111111100000111111000011111111111111111111111111111111111111111111111111111111111111111111
1111111111111111111111110011110011111111111000011111111100001111111111111111111110000011111111110000000111111111111111111111001111111111110111111111111111111111111100000111111000001111111111111111111111111111111111111111111111111111111111111111111111
1111111111111111111111111011110011111111011111011111111110000111111111111111111000011111111111111111110000011111111111111111001011111111110111111111111111111111100000111111100100111111111111111111111111111111111111111111111111111111111111111111111111
1111111111111111111111111001110011111111111111011111111111000011111111111111100001111111111111111111111111000000111111111110011111111111110011111111111111111110000111111100100011111111111111111111111111111111111111111111111111111111111111111111111111
1111111111111111111111111101000011111111111111011111111111011001111111111111000001111111111111111111111111111100000001111100110111111111110011111111111111110000111111100110001111111111111111111111111111111111111111111111111111111111111111111111111111
1111111111111111111111111100111011111111111111011111111111011100111111111100000110111111111111111111111111111111110000000000101111111111110011111111111110000111111100110001111111111111111111111111111111111111111111111111111111111111111111111111111111
1111111111111111111111110011111101111111111110111111111110011110001111111000001111001111111111111111111111111111111111000000001111111111110011111111111000011111100110000111111111111111111111111111111111111111111111111111111111111111111111111111111111
1111111111111111111111000111110000111111111100111111111100111111000111110000111111110011111111111111111111111111111111111110000001111111111011111111000011111100110000111111111111111111111111111111111111111111111111111111111111111111111111111111111111
1111111111111111111110011111000111001111111001111111111001111111100011000000111111111101111111111111111111111111111111111111111100000111111011111100001111100110000111111111111111111111111111111111111111111111111111111111111111111111111111111111111111
1111111111111111111001111000100111100011100011111111100011111111110000000011001111111110011111111111111111111111111111111111111111110000001011110001111100110000111111111111111111111111111111111111111111111111111111111111111111111111111111111111111111
1111111111111111100111000011110001111000001101111100011111111111111000001111110011111111100111111111111111111111111111111111111111111111000000000111100110000111111111111111111111111111111111111111111111111111111111111111111111111111111111111111111111
1111111111111111001000011111111100111111011101100001111111111111111000001111110000111111111100111111111111111111111111111111111111111111111000111110010000111111111111111111111111111111111111111111111111111111111111111111111111111111111111111111111111
1111111111111100000011111111111110001111101100000111111111111111110000110111111000011111111111001111111111111111111111111111111111111111110111110010000111111111111111111111111111111111111111111111111111111111111111111111111111111111111111111111111111
1111111111111000011111111111111111100000001101100011111111111111110010111011011110001111111111110001111111111111111111111111111111111111111111011000111111111111111111111111111111111111111111111111111111111111111111111111111111111111111111111111111111
1111111111110011111111111111111111111111101101110011111111111111100111011100011111001111111111111110001111111111111111111111111111111111111111000111111111111111111111111111111111111111111111111111111111111111111111111111111111111111111111111111111111
1111111111111111111111111111111111111111110100111001111111111111001111101111001000001000000000111111110111111111111111111111111111111111111100111111111111111111111111111111111111111111111111111111111111111111111111111111111111111111111111111111111111
1111111111111111111111111111111111111111110110111100111111111110011111110111100110100000100000001111110111111111111111111111111111111111100001111111111111111111111111111111111111111111111111111111111111111111111111111111111111111111111111111111111111
1111111111111111111111111111111111111111110110111110011111111100111111111101111001111110111010000111110111111111111111111111111111111111110011111111111111111111111111111111111111111111111111111111111111111111111111111111111111111111111111111111111111
1111111111111111111111111111111111111111111010111111001111111100111111111110111110111111111110110011110111111111111111111111111111111111100111111111111111111111111111111111111111111111111111111111111111111111111111111111111111111111111111111111111111
1111111111111111111111111111111111111111111010111111100111111001111111111111001111001110110110111001110111111111111111111111111111111110001111111111111111111111111111111111111111111111111111111111111111111111111111111111111111111111111111111111111111
1111111111111111111111111111111111111111111010111111110011110011111111111111110111110010011110111110110111111111111111111111111111111100011111111111111111111111111111111111111111111111111111111111111111111111111111111111111111111111111111111111111111
1111111111111111111111111111111111111111111100011111111001100111111111111111111101111110000001111111010111111111111111111111111111111001111111111111111111111111111111111111111111111111111111111111111111111111111111111111111111111111111111111111111111
1111111111111111111111111111111111111111111100011111111100100111111111111111111110011111100111111111100111111111111111111111111111100011111111111111111111111111111111111111111111111111111111111111111111111111111111111111111111111111111111111111111111
1111111111111111111111111111111111111111111100011111111110001111111111111111111111100011111001111111100111111111111111111111111111000111111111111111111111111111111111111111111111111111111111111111111111111111111111111111111111111111111111111111111111
1111111111111111111111111111111111111111111110011111111110011111111111111111111111111100111111001111110011111111111111111111111110001111111111111111111111111111111111111111111111111111111111111111111111111111111111111111111111111111111111111111111111
1111111111111111111111111111111111111111111110011111111110011111111111111111111111111111000111111001111011111111111111111111111000111111111111111111111111111111111111111111111111111111111111111111111111111111111111111111111111111111111111111111111111
1111111111111111111111111111111111111111111111011111111100111111111111111111111111111111111000111111100011111111111111111111110001111111111111111111111111111111111111111111111111111111111111111111111111111111111111111111111111111111111111111111111111
1111111111111111111111111111111111111111111111011111111100111111111111111111111111111111111111000111111011111111111111111111100011111111111111111111111111111111111111111111111111111111111111111111111111111111111111111111111111111111111111111111111111
1111111111111111111111111111111111111111111111111111111001111111111111111111111111111111111111111000111011111111111111111110001111111111111111111111111111111111111111111111111111111111111111111111111111111111111111111111111111111111111111111111111111
1111111111111111111111111111111111111111111111111111110011111111111111111111111111111111111111111111100111111111111111111100011111111111111111111111111111111111111111111111111111111111111111111111111111111111111111111111111111111111111111111111111111
1111111111111111111111111111111111111111111111111111110011111111111111111111111111111111111111111111111111111111111111111001111111111111111111111111111111111111111111111111111111111111111111111111111111111111111111111111111111111111111111111111111111
1111111111111111111111111111111111111111111111111111100111111111111111111111111111111111111111111111111111111111111111100011111111111111111111111111111111111111111111111111111111111111111111111111111111111111111111111111111111111111111111111111111111
1111111111111111111111111111111111111111111111111111100111111111111111111111111111111111111111111111111111111111111111000011111111111111111111111111111100111111111111111111111111111111111111111111111111111111111111111111111111111111111111111111111111
1111111111111111111111111111111111111111111111111111101111111111111111111111111111111111111111111111111111111111111100011001111111111111111111111111111001111111111111111111111111111111111111111111111111111111111111111111111111111111111111111111111111
1111111111111111111111111111111111111111111111111111001111111111111111111111111111111111111111111111111111111111110000111100111111111111111111111111110001111111111111111111111111111111111111111111111111111111111111111111111111111111111111111111111111
1111111111111111111111111111111111111111111111111111001111111111111111111111111111100000011111111111111111111111100011111100111111111111111111111111100011111111111111111111111111111111111111111111111111111111111111111111111111111111111111111111111111
1111111111111111111111111111111111111111111111111111001111111111111111111111111111111011111111111111111111111110001111111110011111111111111111111111001011111111111111111111111111111111111111111111111111111111111111111111111111111111111111111111111111
1111111111111111111111111111111111111111111111111111001111111111111111111111111111110011111111111111111111111000011111111111001111111111111111111111010111111111111111111111111111111111111111111111111111111111111111111111111111111111111111111111111111
1111111111111111111111111111111111111111111111111111101111111111111111111111111111100111111111111111111111110001111111111111100111111111111111111110110111111111111111111111111111111111111111111111111111111111111111111111111111111111111111111111111111
1111111111111111111111111111111111111111111111111111100111111111111111111111111111001111111111111111111111000111111111111111110011111111111111111101101111111111111111111111111111111111111111111111111111111111111111111111111111111111111111111111111111
1111111111111111111111111111111111111111111111111111110011111111111111111111111100111111111111111111111100001111111111111111111000111111111111111011101111111111111111111111111111111111111111111111111111111111111111111111111111111111111111111111111111
1111111111111111111111111111111111111111111111111111110001111111111111111111110001111111111111111111100001111111111111111111111100011111111111110011011111111111111111111111111111111111111111111111111111111111111111111111111111111111111111111111111111
1111111111111111111111111111111111111111111111111111111000111111111111111111000111111111111111111110000111111111111111111111111110001111111111100111011111111111111111111111111111111111111111111111111111111111111111111111111111111111111111111111111111
1111111111111111111111111111111111111111111111111111111110001111111111111000011111111111111111110000011111111111111111111111111111100011111111101110111111111111111111111111111111111111111111111111111111111111111111111111111111111111111111111111111111
1111111111111111111111111111111111111111111111111111111111100000000000000011111111111111111100000011111111111111111111111111111100000000000011011110111111111111111111111111111111111111111111111111111111111111111111111111111111111111111111111111111111
1111111111111111111111111111111111111111111111111111111111111000000001111111111111111111000000011111111111111111111111111111100001111111111000011101111111111111111111111111111111111111111111111111111111111111111111111111111111111111111111111111111111
1111111111111111111111111111111111111111111111111111111111111111000000000000000000000000000001111111111111111111111111111111001111111111111110111001111111111111111111111111111111111111111111111111111111111111111111111111111111111111111111111111111111
1111111111111111111111111111111111111111111111111111111111111111111110000000000000000111111000011111111111111111111111111110011111111111111101111000111111111111111111111111111111111111111111111111111111111111111111111111111111111111111111111111111111
1111111111111111111111111111111111111111111111111111111111111111111111111111111111111111111110000011111111111111111111111110111111111111111001110010001111111111111111111111111111111111111111111111111111111111111111111111111111111111111111111111111111
1111111111111111111111111111111111111111111111111111111111111111111111111111111111111111111111110000011111111111111111111110111111111100000001110111100111111111111111111111111111111111111111111111111111111111111111111111111111111111111111111111111111
1111111111111111111111111111111111111111111111111111111111111111111111111111111111111111111111111110000001111111111111111110111111110011111110101111110001111111111111111111111111111111111111111111111111111111111111111111111111111111111111111111111111
1111111111111111111111111111111111111111111111111111111111111111111111111111111111111111111111111111110000000111111111111110111111100111111111001111111100111111111111111111111111111111111111111111111111111111111111111111111111111111111111111111111111
1111111111111111111111111111111111111111111111111111111111111111111111111111111111111111111111111111111111000000011111111110111111001111111111100111111110011111111111111111111111111111111111111111111111111111111111111111111111111111111111111111111111
1111111111111111111111111111111111111111111111111111111111111111111111111111111111111111111111111111111111111100000001111110011111001111111111110111111111000111111111111111111111111111111111111111111111111111111111111111111111111111111111111111111111
1111111111111111111111111111111111111111111111111111111111111111111111111111111111111111111111111111111111111111110000000110011111011111111111111011111111100001111111111111111111111111111111111111111111111111111111111111111111111111111111111111111111
1111111111111111111111111111111111111111111111111111111111111111111111111111111111111111111111111111111111111111111111000000011111011111111100000011111111110000001111111111111111111111111111111111111111111111111111111111111111111111111111111111111111
1111111111111111111111111111111111111111111111111111111111111111111111111111111111111111111111111111111111111111111111111100001111011111111111111011111111111010000001111111111111111111111111111111111111111111111111111111111111111111111111111111111111
1111111111111111111111111111111111111111111111111111111111111111111111111111111111111111111111111111111111111111111111111111101100011111111111111011111111111011110000001111111111111111111111111111111111111111111111111111111111111111111111111111111111
1111111111111111111111111111111111111111111111111111111111111111111111111111111111111111111111111111111111111111111111111111100001011111111111111011111111111001111110000001111111111111111111111111111111111111111111111111111111111111111111111111111111
1111111111111111111111111111111111111111111111111111111111111111111111111111111111111111111111111111111111111111111111111111000111101111111111111011111111111011111111110000001111111111111111111111111111111111111111111111111111111111111111111111111111
1111111111111111111111111111111111111111111111111111111111111111111111111111111111111111111111111111111111111111111111111100011111100111111111110111111111110011111111111110000001111111111111111111111111111111111111111111111111111111111111111111111111
1111111111111111111111111111111111111111111111111111111111111111111111111111111111111111111111111111111111111111111111111001111100010011111111100111111111100111111111111111110000001111111111111111111111111111111111111111111111111111111111111111111111
1111111111111111111111111111111111111111111111111111111111111111111111111111111111111111111111111111111111111111111111100111100000111100111111001111111110001111111111111111111110000000111111111111111111111111111111111111111111111111111111111111111111
1111111111111111111111111111111111111111111111111111111111111111111111111111111111111111111111111111111111111111111110011100001110011110000000001111110000011111111111111111111111110000000111111111111111111111111111111111111111111111111111111111111111
1111111111111111111111111111111111111111111111111111111111111111111111111111111111111111111111111111111111111111111100110001111111000111111011101110000000000001111111111111111111111111000000111111111111111111111111111111111111111111111111111111111111
1111111111111111111111111111111111111111111111111111111111111111111111111111111111111111111111111111111111111111110000000111111111110001111101100000111111110000001111111111111111111111111000000111111111111111111111111111111111111111111111111111111111
1111111111111111111111111111111111111111111111111111111111111111111111111111111111111111111111111111111111111111000000111111111111111100000001100111111111111110000000111111111111111111111111000000011111111111111111111111111111111111111111111111111111
1111111111111111111111111111111111111111111111111111111111111111111111111111111111111111111111111111111111111110000111111111111111111111100001100111111111111111111000000011111111111111111111111000000011111111111111111111111111111111111111111111111111
1111111111111111111111111111111111111111111111111111111111111111111111111111111111111111111111111111111111111111111111111111111111111111111110110111111111111111111111000000011111111111111111111111100000001111111111111111111111111111111111111111111111
1111111111111111111111111111111111111111111111111111111111111111111111111111111111111111111111111111111111111111111111111111111111111111111110110111111111111111111111111100000001111111111111111111111100000000111111111111111111111111111111111111111111
1111111111111111111111111111111111111111111111111111111111111111111111111111111111111111111111111111111111111111111111111111111111111111111110110111111111111111111111111111110000001111111111111111111111110000000011111111111111111111111111111111111111
1111111111111111111111111111111111111111111111111111111111111111111111111111111111111111111111111111111111111111111111111111111111111111111111010111111111111111111111111111111110000000111111111111111111111111000000001111111111111111111111111111100001
1111111111111111111111111111111111111111111111111111111111111111111111111111111111111111111111111111111111111111111111111111111111111111111111010111111111111111111111111111111111111000000011111111111111111111111000000000111111111111111111000000000001
1111111111111111111111111111111111111111111111111111111111111111111111111111111111111111111111111111111111111111111111111111111111111111111111010011111111111111111111111111111111111111000000011111111111111111111111110000000000111111000000000111100011
1111111111111111111111111111111111111111111111111111111111111111111111111111111111111111111111111111111111111111111111111111111111111111111111101011111111111111111111111111111111111111111100000001111111111111111111111111100000000000000111111111000111
1111111111111111111111111111111111111111111111111111111111111111111111111111111111111111111111111111111111111111111111111111111111111111111111100011111111111111111111111111111111111111111111110000001111111111111111111111111111111111111111111100011111
1111111111111111111111111111111111111111111111111111111111111111111111111111111111111111111111111111111111111111111111111111111111111111111111100011111111111111111111111111111111111111111111111110000000111111111111111111111111111111111111110001111111
1111111111111111111111111111111111111111111111111111111111111111111111111111111111111111111111111111111111111111111111111111111111111111111111110011111111111111111111111111111111111111111111111111111000000011111111111111111111111111111111100011111111
1111111111111111111111111111111111111111111111111111111111111111111111111111111111111111111111111111111111111111111111111111111111111111111111110011111111111111111111111111111111111111111111111111111111100000011111111111111111111111111111000111111111
1111111111111111111111111111111111111111111111111111111111111111111111111111111111111111111111111111111111111111111111111111111111111111111111111001111111111111111111111111111111111111111111111111111111111100000001111111111111111111111100011111111111
1111111111111111111111111111111111111111111111111111111111111111111111111111111111111111111111111111111111111111111111111111111111111111111111111001111111111111111111111111111111111111111111111111111111111111110000001111111111111111111000111111111111
1111111111111111111111111111111111111111111111111111111111111111111111111111111111111111111111111111111111111111111111111111111111111111111111111111111111111111111111111111111111111111111111111111111111111111111110000000111111111111100011111111111111
1111111111111111111111111111111111111111111111111111111111111111111111111111111111111111111111111111111111111111111111111111111111111111111111111111111111111111111111111111111111111111111111111111111111111111111111111000000000000000000111111111111111
1111111111111111111111111111111111111111111111111111111111111111111111111111111111111111111111111111111111111111111111111111111111111111111111111111111111111111111111111111111111111111111111111111111111111111111111111110000000000000001111111111111111
